750
212
624 625
311
447 449
113
494 495
583 585
899
114 115
808 810
813 814
543 544
795 796
620 622
740 744
993 995
49 51
816 817
183 185
38
339 341
474 475
861 862
470 471
198 199
695 696
226 227
490 492
407 408
735 737
270 271
723
499
834 835
273 280
415 417
457
96 97
973 974
436
337 338
246 248
70
456
66 67
256 257
786
857 858
964
605
433
34
20 26
581 582
579 580
912 915
668 670
52 53
466 469
818 824
483
109
820
181
797 798
46 47
904 909
667
71 72
161 162
958 960
961 965
728
932 934
923
889
285 288
94 95
871 872
720 721
811
15 18
243 244
675 676
701 703
375 376
504
166
434 437
5
860
866 868
759 760
372 373
606
13
485
596
567
23
370
200 204
716 717
800 801
73
633 634
956 957
403 405
314
272
609 612
452 454
512 513
386 388
299
422 424
127
217
553 558
562 563
289 290
894 897
937 940
982 984
134 137
662 664
481 482
936
635 636
455 458
233
358
509
665 666
259 262
390 392
832 833
91 93
401 402
313
472
86 88
147 150
536
497
523 524
673 674
136
168 169
40 44
874
460
962
548 552
275
654
131 133
564 566
825 828
774 781
64 65
751 752
413 414
416
398 399
126 128
994
916 918
812
116 117
324 327
765 769
384 385
231 234
153 155
753 758
906
775
22
761
927 928
123 124
189
615 617
54 55
864
997
588
345 350
657 659
577 578
409 410
359 363
945 946
99 101
163 165
10 12
156 157
882 883
837 838
929 930
840 841
572 573
902 903
557
644
309
637 643
809
710 711
158 160
468
202
599 600
252 253
144 146
677
435
268
516
4
963
382 383
520
867
328
671
788 789
990 991
992
356
334
506
705 709
975
84 85
660 661
335 336
281
438 443
631 632
493
551
951
570
80 82
171 172
105 108
947 949
148
411
266 269
863
537 542
145
768
726 731
368 371
718
521 522
310 318
875
214 215
681 683
263 264
36 37
739
919 920
594
241
678
747
292
648
444 445
755
184
467
228
59 61
149
532
877
260
92
31 32
151 152
908
898 901
294
517 518
736
730
672
686 689
559
477
330 331
394 395
884 885
651 653
210
406
446
89
300
754
601 603
191 195
179
194
267
692
282
206 207
507
430
333
35
645
652
484 487
223 224
87
561
118 119
0 2
576
560
216
476 478
45
793 794
11
510 511
6 8
77
306 307
713
604
480
222
514
869
977 979
917
247
255
924
650
762 763
219
278
584
684 685
102 104
320
770 773
451
745
98
140
839
714 715
688
258
167
799
910 911
489
293
25
853 856
850
16
787
519
235
404
879 881
545 547
369
941 943
802
575
970
829
878
852
208
138 143
387
332
778
361
277
254
196
538
122
942
180 182
980 981
343 344
27 30
851
173 175
312
803
886
708
374
205
76 79
305
805 806
508
574
807
540
842
790
142
939
846 847
287
211
925
112
14
229
682
501 503
428 432
628 630
694
854
379
849
627
203
21
597
321 322
533
28
176
614
7
286
78
442
782 783
279
178
727
613
526
569
985 988
362
986
170
746
729
922
880
967 968
641
317
691
111
129 130
139
550
297 304
325
638
120
218 221
502
623
397
950
186
757
326
83
249 250
931
348
439
103
496 498
831
464 465
779
48
595 598
952 953
586 587
302
367
873 876
987
236 237
412
56
593
725
81
450
618 619
9
60
197
887
629
626
893
347
907
663
251
29
642
976
531
848
381
568 571
393
225
836
706
896
19
298
209
777
349
528 529
100
826
323
193
57 58
462
607 608
459 461
43
68 69
296
479
938
240
843
702
888
749 750
732
565
192
792
353 355
815
132
610
291 295
3
17
463
905
238 242
679
819
473
360
425
823
844
738
996 999
719
440
106
41
602
220
690
188 190
534 535
944
274
62
741
611
230
971
616
75
389
448
396
780
955
764
669
865
804
42
284
342
656
743
364
733
378
989
159
308
380
245
785
276
426 427
141
900
232
377
346
697 698
423
756
431
712
845
983
541
555
539
589 590
265
921
365 366
50
500
647
640
525 527
90
24
125
421
488
301
420
895
724
201
121
791
429
776
316
621
213
978
722
827
418 419
972
329
491
107
969
453
966
315
935
164
515
959
556
699 700
766
549
646
784
546
39
135
33
658
891 892
821
998
655
649
441
352
110
187
340
859
772
530
400
154
707
303
261
283
63
505
822
742
680
771
591
855
357
351
767
926
592
954
354
639
74
687
870
734
174
704
913
486
693
554
748
914
1
933
177
391
948
319
890
830
239
